001 100 (480,640,3)
009 100 (480,640,3)
017 100 (480,640,3)
018 100 (480,640,3)
019 100 (480,640,3)
020 100 (480,640,3)
021 100 (480,640,3)
023 100 (480,640,3)
024 100 (480,640,3)
030 100 (480,640,3)
031 100 (480,640,3)
033 100 (480,640,3)
034 100 (480,640,3)
035 100 (480,640,3)
036 100 (480,640,3)
045 100 (480,640,3)
048 100 (480,640,3)
051 100 (480,640,3)
053 100 (480,640,3)
054 100 (480,640,3)
059 100 (480,640,3)
060 100 (480,640,3)
062 100 (480,640,3)
063 100 (480,640,3)
066 100 (480,640,3)
067 100 (480,640,3)
068 100 (480,640,3)
069 100 (480,640,3)
070 100 (480,640,3)
071 100 (480,640,3)
073 100 (480,640,3)
076 100 (480,640,3)
078 100 (480,640,3)
079 100 (480,640,3)
081 100 (480,640,3)
083 100 (480,640,3)
085 100 (480,640,3)
086 100 (480,640,3)
092 100 (480,640,3)
093 100 (480,640,3)
095 100 (480,640,3)
096 100 (480,640,3)
097 100 (480,640,3)
099 100 (480,640,3)
100 100 (480,640,3)
101 100 (480,640,3)
102 100 (480,640,3)
103 100 (480,640,3)
105 100 (480,640,3)
107 100 (480,640,3)
109 100 (480,640,3)
110 100 (480,640,3)
115 100 (480,640,3)
118 100 (480,640,3)
120 100 (480,640,3)
125 100 (480,640,3)
126 100 (480,640,3)
132 100 (480,640,3)
134 100 (480,640,3)
135 100 (480,640,3)
