000 100 (480,640,3)
003 100 (480,640,3)
004 100 (480,640,3)
005 100 (480,640,3)
007 100 (480,640,3)
008 100 (480,640,3)
009 100 (480,640,3)
013 100 (480,640,3)
014 100 (480,640,3)
016 100 (480,640,3)
017 100 (480,640,3)
019 100 (480,640,3)
023 100 (480,640,3)
024 100 (480,640,3)
025 100 (480,640,3)
026 100 (480,640,3)
027 100 (480,640,3)
032 100 (480,640,3)
033 100 (480,640,3)
037 100 (480,640,3)
039 100 (480,640,3)
040 100 (480,640,3)
045 100 (480,640,3)
049 100 (480,640,3)
054 100 (480,640,3)
055 100 (480,640,3)
056 100 (480,640,3)
057 100 (480,640,3)
058 100 (480,640,3)
059 100 (480,640,3)
065 100 (480,640,3)
067 100 (480,640,3)
070 100 (480,640,3)
071 100 (480,640,3)
074 100 (480,640,3)
076 100 (480,640,3)
079 100 (480,640,3)
081 100 (480,640,3)
082 100 (480,640,3)
084 100 (480,640,3)
085 100 (480,640,3)
086 100 (480,640,3)
087 100 (480,640,3)
091 100 (480,640,3)
092 100 (480,640,3)
093 100 (480,640,3)
095 100 (480,640,3)
101 100 (480,640,3)
106 100 (480,640,3)
108 100 (480,640,3)
110 100 (480,640,3)
111 100 (480,640,3)
113 100 (480,640,3)
115 100 (480,640,3)
116 100 (480,640,3)
117 100 (480,640,3)
118 100 (480,640,3)
122 100 (480,640,3)
123 100 (480,640,3)
124 100 (480,640,3)
